GraphConstruction,GraphSimplification,EntirePipeline
_SuperMikeII:15DN[Baseline],1,1,1
_SwatIII-FullScaleupSSD:2DN,2.0995827936,2.6777072789,2.430869
_SwatIII-FullScaleupHDD:2DN,2.2938455646,2.896198253,2.640496
SwatIII-MediumSSD:7DN,2.1097919782,2.0743224367,2.087263
SwatIII-MediumHDD:7DN,1.9138477623,1.8052792169,1.843852
_SwatIII-Storage:15DN,1.8915936008,1.0061176765,1.216041
_SwatIII-Basic:15DN,1.01,1.005,1.00
_SwatIII-Memory:15DN,1.9012936784,0.9518614739,1.166715
_CeresII:32DN,2.140347,2.227205,2.194366

